function e_cp = d_ecp_winter 
% winter season: 02/01/2006 till 01/04/2006
e_cp = [...
0.086734
0.077962
0.07582
0.06919
0.06358
0.061064
0.059058
0.055998
0.05525
0.051884
0.051544
0.052734
0.05185
0.050796
0.050014
0.049844
0.049572
0.049708
0.050286
0.04998
0.050422
0.050728
0.051306
0.054162
0.058412
0.062118
0.064736
0.07089
0.076806
0.086224
0.095336
0.101456
0.10455
0.108698
0.1139
0.116008
0.121278
0.119374
0.124406
0.129506
0.133722
0.13447
0.13277
0.13396
0.124916
0.126344
0.12342
0.123148
0.125868
0.12104
0.12087
0.11985
0.12189
0.123828
0.125426
0.1173
0.110772
0.111928
0.112574
0.113084
0.113186
0.113492
0.118762
0.122604
0.130186
0.141474
0.155958
0.16677
0.182104
0.188428
0.202708
0.210936
0.216002
0.209066
0.21165
0.218756
0.219028
0.219572
0.217124
0.213316
0.20655
0.19924
0.192338
0.18411
0.178874
0.177344
0.174658
0.1717
0.16711
0.16184
0.156468
0.14433
0.135932
0.125188
0.114342
0.101286
0.089794
0.08381
0.074868
0.069632
0.064056
0.063274
0.057596
0.055454
0.053448
0.052768
0.053312
0.05202
0.050422
0.050898
0.04981
0.050762
0.050388
0.050218
0.050014
0.050082
0.05134
0.052564
0.05236
0.054434
0.059194
0.060758
0.063682
0.070176
0.076534
0.086666
0.0935
0.09775
0.107372
0.109956
0.105128
0.103666
0.106318
0.113288
0.116348
0.116926
0.118728
0.11798
0.116484
0.116008
0.1088
0.113084
0.111826
0.114206
0.11101
0.117096
0.11696
0.113968
0.11101
0.111894
0.109344
0.10744
0.10982
0.111588
0.108154
0.109514
0.115226
0.111554
0.11305
0.117912
0.128656
0.135966
0.149804
0.162044
0.175508
0.189312
0.202946
0.209134
0.209066
0.208182
0.207706
0.21556
0.21148
0.211344
0.208862
0.208216
0.204272
0.192134
0.18717
0.1887
0.184858
0.18258
0.177276
0.174454
0.168062
0.163438
0.155924
0.15079
0.13651
0.12325
0.11118
0.100096
0.08959
0.08228
0.074766
0.071536
0.066606
0.060452
0.058616
0.057324
0.055454
0.056202
0.054604
0.054774
0.05525
0.05083
0.04964
0.050184
0.04947
0.048994
0.049776
0.050184
0.050388
0.05168
0.052122
0.054604
0.058004
0.06001
0.063206
0.07106
0.078336
0.085102
0.093806
0.098158
0.106828
0.112268
0.112438
0.111996
0.114648
0.118694
0.12308
0.12597
0.125664
0.122434
0.121448
0.11968
0.118048
0.114444
0.112404
0.113424
0.120632
0.117742
0.120496
0.116382
0.112438
0.116688
0.119136
0.11934
0.119136
0.112948
0.112676
0.114172
0.117062
0.118932
0.118626
0.128554
0.134538
0.140828
0.150586
0.165478
0.179588
0.197404
0.20808
0.216172
0.213384
0.202946
0.205768
0.20519
0.20621
0.206652
0.203694
0.198322
0.195194
0.189448
0.184416
0.1836
0.17816
0.176596
0.171292
0.170816
0.167892
0.164016
0.160684
0.153
0.144262
0.132498
0.122162
0.109004
0.09282
0.083164
0.074834
0.068408
0.066572
0.064464
0.061778
0.059942
0.05627
0.0544
0.055114
0.05355
0.052598
0.051748
0.05202
0.05202
0.052734
0.051544
0.05066
0.051
0.051714
0.052156
0.052462
0.053618
0.058956
0.061982
0.064906
0.072216
0.08075
0.09146
0.096526
0.09962
0.104584
0.103496
0.105604
0.110806
0.115532
0.11747
0.115396
0.117436
0.117776
0.114308
0.108596
0.109106
0.112676
0.11288
0.106624
0.10608
0.10489
0.10727
0.11016
0.105502
0.106964
0.104686
0.102476
0.11118
0.112064
0.110194
0.107882
0.110092
0.111112
0.112268
0.114308
0.115566
0.118898
0.12886
0.140624
0.156604
0.173196
0.184858
0.196282
0.202912
0.205292
0.19703
0.201416
0.204476
0.198424
0.200532
0.200974
0.202606
0.195976
0.189346
0.188156
0.180166
0.176732
0.17425
0.173026
0.166974
0.162962
0.162316
0.155074
0.145418
0.138992
0.127704
0.114206
0.102
0.091936
0.083674
0.074528
0.068374
0.064838
0.062968
0.061778
0.060282
0.05746
0.056814
0.05491
0.05457
0.052496
0.053176
0.051918
0.051102
0.050014
0.051986
0.051986
0.050864
0.050796
0.051306
0.052496
0.054876
0.057154
0.059228
0.061982
0.067898
0.07684
0.084592
0.09299
0.099586
0.107508
0.108222
0.107712
0.111792
0.112506
0.11373
0.114886
0.114988
0.11883
0.115328
0.11883
0.117198
0.119408
0.117028
0.114682
0.123012
0.123522
0.121108
0.117164
0.113492
0.114546
0.117606
0.114852
0.114682
0.113186
0.116042
0.112064
0.111758
0.114852
0.115498
0.118422
0.12529
0.126854
0.13277
0.144908
0.154972
0.172448
0.188292
0.198628
0.21114
0.207128
0.202266
0.201348
0.204442
0.204952
0.205938
0.204102
0.201722
0.190094
0.186422
0.183294
0.17799
0.169762
0.167246
0.1649
0.16439
0.159494
0.157896
0.15606
0.148274
0.140828
0.135252
0.124916
0.12104
0.105672
0.095506
0.084762
0.078166
0.075242
0.070584
0.065858
0.064906
0.059228
0.056848
0.05678
0.05508
0.054842
0.054978
0.054264
0.0527
0.051612
0.051918
0.051952
0.050116
0.050864
0.050796
0.050286
0.051238
0.052768
0.053142
0.055148
0.057222
0.058956
0.063512
0.070244
0.075582
0.080002
0.086598
0.091052
0.107338
0.117232
0.123556
0.12223
0.12614
0.129642
0.134572
0.136544
0.135966
0.137904
0.13107
0.131444
0.13498
0.135014
0.135456
0.13107
0.129744
0.131852
0.130662
0.127704
0.131138
0.128656
0.134436
0.131342
0.135728
0.13413
0.132668
0.131342
0.130288
0.13719
0.14025
0.151062
0.164492
0.17884
0.1921
0.206142
0.216988
0.209202
0.198458
0.20298
0.207434
0.20689
0.207604
0.208624
0.196384
0.190842
0.18275
0.178942
0.174216
0.16966
0.168232
0.158814
0.157488
0.156978
0.152014
0.15096
0.14535
0.137394
0.131478
0.12274
0.117708
0.10642
0.100164
0.091596
0.08381
0.077384
0.074018
0.07123
0.065926
0.062866
0.06069
0.05814
0.057562
0.056644
0.055726
0.055556
0.054536
0.053992
0.053788
0.052122
0.05236
0.051374
0.051272
0.051408
0.05202
0.052394
0.051646
0.052122
0.053448
0.05729
0.059568
0.06256
0.065586
0.06817
0.07514
0.081294
0.086938
0.095234
0.105536
0.11016
0.11356
0.11883
0.126752
0.128758
0.130118
0.134334
0.132464
0.136102
0.13906
0.142902
0.138006
0.133586
0.133858
0.13889
0.139094
0.136918
0.130934
0.136986
0.13549
0.136272
0.13804
0.135898
0.134164
0.1326
0.132498
0.13073
0.133484
0.141712
0.155176
0.174182
0.18768
0.191454
0.19856
0.202878
0.19907
0.198628
0.200906
0.199342
0.195636
0.199886
0.199444
0.188666
0.185572
0.183838
0.185742
0.178602
0.176664
0.173128
0.167314
0.160446
0.15708
0.149566
0.140862
0.128112
0.116824
0.104924
0.093942
0.087482
0.078404
0.075718
0.069224
0.064192
0.061234
0.059636
0.057562
0.056202
0.053652
0.053652
0.055012
0.054604
0.05355
0.052904
0.051578
0.051374
0.050966
0.052224
0.052122
0.051816
0.05185
0.052734
0.056134
0.060078
0.063546
0.065994
0.072318
0.077622
0.08619
0.095234
0.101116
0.105264
0.10965
0.113322
0.118388
0.120156
0.119204
0.12495
0.12937
0.13243
0.134334
0.128112
0.131852
0.123624
0.125052
0.12172
0.121754
0.123692
0.119136
0.120088
0.119816
0.118082
0.118694
0.119986
0.112676
0.10863
0.113152
0.112234
0.113424
0.110636
0.110092
0.114648
0.119272
0.1258
0.135524
0.147288
0.15997
0.172618
0.18139
0.197914
0.20706
0.21029
0.2023
0.206958
0.215254
0.217532
0.216138
0.213214
0.209508
0.203694
0.198152
0.190842
0.181016
0.178364
0.176596
0.173604
0.169864
0.164458
0.159324
0.154632
0.142596
0.13413
0.122434
0.113356
0.101048
0.090168
0.08228
0.074018
0.070278
0.064396
0.063648
0.058412
0.056338
0.054298
0.055318
0.054502
0.05372
0.052598
0.052768
0.051374
0.05185
0.051136
0.051544
0.051442
0.05117
0.051918
0.05287
0.053516
0.05576
0.059602
0.060554
0.063512
0.069802
0.076806
0.085646
0.092888
0.09639
0.105026
0.107576
0.10217
0.101558
0.105876
0.112574
0.11577
0.115974
0.116484
0.11458
0.113628
0.1156
0.108426
0.111078
0.1105
0.112438
0.111622
0.115294
0.115668
0.111282
0.106998
0.107406
0.10778
0.107814
0.109582
0.111554
0.106828
0.106386
0.110534
0.108834
0.1088
0.114648
0.126004
0.132736
0.145248
0.156298
0.166498
0.180506
0.195636
0.206652
0.20723
0.207162
0.2057
0.213452
0.210732
0.209712
0.206652
0.205054
0.202946
0.189686
0.185096
0.186252
0.18377
0.17867
0.172312
0.16881
0.164254
0.161126
0.153272
0.148206
0.134946
0.123964
0.11186
0.099892
0.089964
0.083708
0.075548
0.071774
0.066266
0.061506
0.060214
0.05831
0.057154
0.058038
0.056916
0.057426
0.057732
0.052836
0.051782
0.05202
0.050932
0.050524
0.051612
0.052088
0.051374
0.052972
0.053652
0.056746
0.058242
0.059398
0.06358
0.0714
0.078812
0.084014
0.094316
0.098668
0.105604
0.111214
0.10982
0.111078
0.11339
0.115362
0.124882
